9407.378132626684
9813.414940860319
9751.669613279511
9730.999304707282
9868.096544355196
9679.53748722053
9568.780996150846
9929.686832077181
9756.201665557739
9855.41278206124
9874.703064131176
8513.650316772777
8521.370316602206
8529.313875392578
8525.906518350934
8531.2292343897
8512.490977881385
8586.34535893385
8570.139455256178
8576.872348812522
8548.365073456263
9906.304207811001
9833.560928323335
9880.04292615566
9993.259267146495
8631.52078506269
8504.283241535855
8539.2339138385
8527.99382397445
8534.09220306247
8537.604912200213
8514.535612255877
8470.437832731011
8541.316553565308
8601.092616708675
8597.17945216143
8561.636775518606
8523.254185449337
8523.290216154624
8549.288694499997
8576.10796088735
8462.635913653796
8541.725672017808
8537.254974069634
8552.9678279521
8479.746848893874
8484.16686650683
8537.93722841066
8555.89646454749
8563.913830096983
8555.09137451775
8554.440061892732
8507.383920766519
8493.04138368905
8444.769625013345
8404.22639163648
8377.858791767145
8440.56836945376
8497.585863915792
9121.591477869739
